EB S 19 19 100 100 1

P 0 12 24 12

B 1 1 4
B 1 2 4
B 1 3 4
B 1 4 4
B 1 5 4
B 1 6 4
B 1 7 4
B 1 8 4
B 1 9 4
B 1 10 4
B 1 11 4
B 1 13 4
B 1 14 4
B 1 15 4
B 1 16 4
B 1 17 4
B 1 18 4
B 1 19 4
B 1 20 4
B 1 21 4
B 1 22 4
B 1 23 4
B 23 1 4
B 23 2 4
B 23 3 4
B 23 4 4
B 23 5 4
B 23 6 4
B 23 7 4
B 23 8 4
B 23 9 4
B 23 10 4
B 23 11 4
B 23 13 4
B 23 14 4
B 23 15 4
B 23 16 4
B 23 17 4
B 23 18 4
B 23 19 4
B 23 20 4
B 23 21 4
B 23 22 4
B 23 23 4
B 2 23 4
B 3 23 4
B 4 23 4
B 5 23 4
B 6 23 4
B 7 23 4
B 8 23 4
B 9 23 4
B 10 23 4
B 14 23 4
B 15 23 4
B 16 23 4
B 17 23 4
B 18 23 4
B 19 23 4
B 20 23 4
B 21 23 4
B 22 23 4
B 2 1 4
B 3 1 4
B 4 1 4
B 5 1 4
B 6 1 4
B 7 1 4
B 8 1 4
B 9 1 4
B 10 1 4
B 14 1 4
B 15 1 4
B 16 1 4
B 17 1 4
B 18 1 4
B 19 1 4
B 20 1 4
B 21 1 4
B 22 1 4

O 11 1 4
O 11 2 4
O 11 3 4
O 11 4 4
O 11 5 4
O 11 6 4
O 11 7 4
O 11 8 4
O 11 9 4
O 11 10 4
O 11 11 4
O 11 12 4
O 11 13 4
O 11 14 4
O 11 15 4
O 11 16 4
O 11 17 4
O 11 18 4
O 11 19 4
O 11 20 4
O 11 21 4
O 11 22 4
O 11 23 4
O 12 1 4
O 12 2 4
O 12 3 4
O 12 4 4
O 12 5 4
O 12 6 4
O 12 7 4
O 12 8 4
O 12 9 4
O 12 10 4
O 12 11 4
O 12 12 4
O 12 13 4
O 12 14 4
O 12 15 4
O 12 16 4
O 12 17 4
O 12 18 4
O 12 19 4
O 12 20 4
O 12 21 4
O 12 22 4
O 12 23 4
O 13 1 4
O 13 2 4
O 13 3 4
O 13 4 4
O 13 5 4
O 13 6 4
O 13 7 4
O 13 8 4
O 13 9 4
O 13 10 4
O 13 11 4
O 13 12 4
O 13 13 4
O 13 14 4
O 13 15 4
O 13 16 4
O 13 17 4
O 13 18 4
O 13 19 4
O 13 20 4
O 13 21 4
O 13 22 4
O 13 23 4
